
https://www.irs.gov/pub/irs-soi/27soirepar.pdf

1914:

5000 149279
10000 127448
25000 58603
50000 14676
100000 5161
150000 1189
300000 769
500000 216
1000000 114
max 60

1917:

2000 1640758
3000 838707
5000 560763
10000 270666
25000 112502
50000 30391
100000 12439
150000 3302
300000 2347
500000 559
1000000 315
max 206

https://www.irs.gov/pub/irs-soi/40soireppt1ar.pdf

1921:

1000 401849
2000 2440544
3000 2222031
5000 1072146
10000 353247
25000 132344
50000 28946
100000 8717
150000 1367
300000 739
500000 162
1000000 63
max 21

https://www.irs.gov/pub/irs-soi/40soireppt1ar.pdf

1940:

1 112697
1000 1941122
2000 5026595
3000 5261991
5000 1652825
10000 539159
25000 189291
50000 37264
100000 10673
150000 1964
300000 1131
500000 267
1000000 128
max 52

# https://www.irs.gov/pub/irs-soi/54inar.pdf
# 
# 1947:
# 
# 1000 2790569
# 1500 4178487
# 2000 5660010
# 2500 6439111
# 
# 3000 6171703
# 4000 8695846
# 5000 3818891
# 10000 2837585
# 
# 15000 486961
# 20000 201300
# 30000 160010
# 50000 89158
# 100000 38049
# 
# 150000 6353
# 200000 2057
# 500000 2018
# 1000000 302
# max 114
# 
# https://www.irs.gov/pub/irs-soi/54inar.pdf
# 
# 1954:
# 
# 1000 1292988
# 1500 2426670
# 2000 2431232
# 2500 3078559
# 
# 3000 3452029
# 4000 7924537
# 5000 7545254
# 10000 12355239
# 
# 15000 1215482
# 20000 368492
# 30000 291668
# 50000 161897
# 100000 70332
# 150000 11617
# 200000 3192
# 500000 3234
# 1000000 437
# max 201

https://www.irs.gov/pub/irs-soi/63inar.pdf

1959:

1 433135
600 3918973
1000 2995694
1500 3995202
2000 3445332
2500 3510198

3000 3618010
4000 6993571
5000 7071569
6000 6392580
7000 5082962

8000 3699701
9000 2621189
10000 1749953
15000 3208968
20000 707192

25000 301705
50000 442663
100000 114852
150000 17537

200000 4497
500000 4810
1000000 722
max 280

https://www.irs.gov/pub/irs-soi/73inar.pdf

1964:

1 432317
600 3937988
1000 3107878
2000 7204380
3000 6211330
4000 6125320
5000 5974720
6000 5748156
7000 5415250
8000 4837778
9000 3875555
10000 3027314
15000 6609927
20000 1460198
50000 1211761
100000 159229
500000 34946
1000000 1073
max 482

1972:

1 440435
1000 5671422
2000 5860523
3000 4980988
4000 4954358

5000 5055586
6000 4731472
7000 4251533
8000 4272799
9000 4020665

10000 3899385
15000 15364155
20000 7773413
25000 3093728
30000 1266377

50000 1337578
100000 483677
200000 91707
500000 19233
1000000 2666
max 1030








https://www.irs.gov/pub/irs-soi/80inar.pdf (p4)

1969:

5000	31405265
10000	22657528
15000	13649392
20000	4721696
25000	1536601
30000	645888

50000	807497
100000	328410
200000	63605
500000	14786
1000000	2509
max	1211

1970:

5000	28308034
10000	22303067
15000	14106019
20000	5538453
25000	1909167
30000	768235

50000	918188
100000	350978
200000	62467
500000	12830
1000000	1751
max	642

1971:

5000	27155048
10000	21443479
15000	14604270
20000	6453851
25000	2377638
30000	968565

50000	1077844
100000	404692
200000	72856
500000	15089
1000000	2192
max	883

1972:

5000	26963312
10000	21175854
15000	15364155
20000	7773413
25000	3093728
30000	1266377

50000	1337578
100000	483677
200000	91707
500000	19233
1000000	2666
max	1030

1973:

5000	27037618
10000	20581732
15000	15804109
20000	9091001
25000	3943993
30000	1741991

50000	1759837
100000	596663
200000	110176
500000	21929
1000000	2635
max	903

1974:

5000	26766673
10000	20586617
15000	15670258
20000	10071087
25000	4944795
30000	2259928

50000	2173868
100000	700528
200000	135304
500000	26842
1000000	3194
max	1096

1975:

5000	24901853
10000	19952914
15000	14963680
20000	10353534
25000	5598117
30000	2744255

50000	2747618
100000	781406
200000	152349
500000	29193
1000000	3289
max	1124

1976:

5000	23935751
10000	19892956
15000	14551350
20000	11197191
25000	6649622
30000	3629532

50000	3639050
100000	948034
200000	185142
500000	36357
1000000	4047
max	1357

1977:

5000	23262635
10000	19342819
15000	14299206
20000	11404973
25000	7776714
30000	4354040

50000	4784916
100000	1140784
200000	225150
500000	46386
1000000	5232
max	1785

1978:

5000	2236197
10000	19585276
15000	14241599
20000	11408934
25000	8552615
30000	5386257

50000	6535452
100000	1471406
200000	285309
500000	59884
1000000	6581
max	2041

1979:

5000	20863567
10000	19664858
15000	14433255
20000	11385151
25000	9021414
30000	6309121

50000	8675455
100000	1889878
200000	357872
500000	80226
1000000	9904
max	3601

1980:

5000	20055529
10000	18370997
15000	14303041
20000	11097733
25000	9158521
30000	6783466

50000	11003991
100000	2568427
200000	443514
500000	100369
1000000	12467
max	4414
